15
62.75 13.94
61.77 64.83
82.01 86.64
79.02 11.76
85.07 48.52
91.65 36.59
85.89 5.19
95.06 32.90
69.85 18.97
40.03 61.92
82.89 18.87
97.35 16.57
98.30 47.07
95.56 83.39
33.66 93.30
0.00 59.52 51.63 18.90 56.08 83.88 48.41 61.66 52.51 97.43 33.13 68.09 88.22 29.75 14.27
66.54 0.00 73.68 47.57 20.03 48.06 49.08 28.40 54.83 23.41 69.37 68.32 85.70 76.63 86.55
39.40 87.17 0.00 30.18 70.74 81.34 10.30 12.82 96.77 12.59 72.17 80.46 71.36 52.57 82.32
81.75 91.14 94.08 0.00 18.23 77.01 98.85 65.34 37.19 93.50 18.70 84.05 54.91 92.76 69.14
63.61 72.13 99.89 94.20 0.00 35.98 51.54 42.48 46.02 19.09 79.24 10.38 54.89 85.32 37.84
56.82 70.13 26.48 82.17 27.29 0.00 88.38 42.12 59.64 80.03 90.29 65.83 76.26 87.46 97.91
83.03 54.73 93.58 59.12 22.75 33.99 0.00 26.71 65.45 28.81 88.13 98.35 75.27 67.49 13.21
33.80 73.48 22.25 92.80 43.75 47.57 18.16 0.00 56.80 51.49 82.40 19.22 93.54 44.81 96.42
43.11 62.17 29.43 25.66 93.59 55.43 16.74 79.98 0.00 84.92 95.97 99.73 69.14 54.12 74.95
96.70 23.49 41.73 32.95 90.75 25.98 22.72 80.69 44.86 0.00 59.52 63.86 87.27 87.05 43.28
53.27 68.47 15.18 64.66 51.52 15.17 49.99 92.79 46.84 16.67 0.00 89.28 78.09 51.33 31.99
86.82 62.26 22.99 96.07 82.08 43.66 97.91 10.95 69.04 97.95 97.19 0.00 52.36 59.83 16.34
86.76 45.79 60.21 54.49 48.97 70.98 83.05 47.93 86.41 73.91 90.93 13.72 0.00 14.05 68.60
54.03 90.50 74.87 16.55 39.23 20.18 91.54 22.38 83.83 25.69 47.79 74.07 91.94 0.00 65.99
57.73 49.54 82.35 54.81 16.31 47.09 62.66 61.52 59.06 16.65 93.57 93.19 97.89 49.28 0.00
