10
39.43 17.56
7.27 19.19
39.98 41.81
76.26 52.14
41.09 53.74
27.06 43.33
82.73 27.19
72.74 10.02
49.78 58.03
57.67 20.70
0.00 36.65 90.76 30.91 73.40 46.81 88.36 57.07 47.95 47.94
38.92 0.00 79.27 97.66 41.15 22.80 88.31 82.72 19.26 76.53
36.95 81.91 0.00 43.67 29.42 41.25 97.46 49.55 29.23 83.42
34.15 33.99 42.86 0.00 97.29 51.04 24.10 20.63 69.76 49.76
38.39 56.06 70.98 58.20 0.00 21.32 46.98 36.26 11.40 10.36
94.24 34.58 23.65 16.88 98.56 0.00 70.78 60.57 25.36 54.23
80.53 86.36 49.33 12.83 40.07 18.14 0.00 41.14 60.65 90.16
17.30 82.30 63.32 95.32 23.19 34.99 91.31 0.00 80.92 28.02
81.49 62.33 12.17 65.22 61.91 18.21 24.80 16.79 0.00 21.33
84.29 67.90 28.99 43.56 36.44 29.49 10.72 41.78 18.65 0.00
