25
13.55 88.79
93.26 44.56
38.82 25.76
65.74 49.26
96.42 80.10
45.52 80.11
4.17 76.95
0.32 29.28
61.09 91.30
30.01 24.86
66.64 98.75
46.83 12.33
91.60 94.61
27.77 51.97
15.47 1.46
32.42 99.09
51.31 87.65
6.74 28.42
46.89 76.18
92.26 39.30
92.91 49.96
80.20 89.66
48.21 84.79
27.67 34.02
10.51 52.31
0.00 91.16 67.90 65.47 83.33 33.13 15.10 60.96 47.61 66.01 54.02 83.38 78.27 39.47 87.34 21.51 37.78 60.75 35.65 92.97 88.35 66.66 34.89 56.55 36.60
91.16 0.00 57.59 27.92 35.68 59.52 94.79 94.19 56.75 66.25 60.38 56.52 50.08 65.91 88.93 81.70 60.14 88.01 56.13 5.35 5.42 46.95 60.40 66.43 83.12
67.90 57.59 0.00 35.73 79.19 54.76 61.81 38.67 69.22 8.86 78.11 15.63 86.76 28.44 33.70 73.61 63.14 32.19 51.06 55.13 59.25 76.13 59.78 13.88 38.82
65.47 27.92 35.73 0.00 43.50 36.88 67.50 68.40 42.30 43.26 49.50 41.49 52.21 38.06 69.36 59.94 41.01 62.57 32.86 28.33 27.18 42.91 39.62 41.01 55.31
83.33 35.68 79.19 43.50 0.00 50.90 92.31 108.71 37.07 86.38 35.14 83.98 15.30 74.19 112.86 66.76 45.74 103.51 49.69 41.01 30.34 18.83 48.44 82.77 90.30
33.13 59.52 54.76 36.88 50.90 0.00 41.47 68.02 19.18 57.38 28.17 67.79 48.31 33.27 84.19 23.06 9.51 64.62 4.16 62.05 56.16 35.98 5.41 49.42 44.70
15.10 94.79 61.81 67.50 92.31 41.47 0.00 47.82 58.70 58.14 66.16 77.43 89.20 34.36 76.32 35.90 48.34 48.60 42.73 95.80 92.75 77.09 44.73 48.93 25.43
60.96 94.19 38.67 68.40 108.71 68.02 47.82 0.00 86.83 30.02 96.05 49.50 112.26 35.61 31.68 76.84 77.51 6.48 66.09 92.49 94.87 100.14 73.32 27.76 25.19
47.61 56.75 69.22 42.30 37.07 19.18 58.70 86.83 0.00 73.35 9.29 80.25 30.69 51.55 100.76 29.71 10.44 83.12 20.75 60.63 52.17 19.18 14.43 66.32 63.87
66.01 66.25 8.86 43.26 86.38 57.38 58.14 30.02 73.35 0.00 82.47 20.97 93.05 27.20 27.55 74.27 66.30 23.54 54.02 63.90 67.72 81.96 62.64 9.46 33.68
54.02 60.38 78.11 49.50 35.14 28.17 66.16 96.05 9.29 82.47 0.00 88.67 25.30 60.83 109.92 34.22 18.92 92.39 30.00 64.74 55.41 16.33 23.12 75.56 72.85
83.38 56.52 15.63 41.49 83.98 67.79 77.43 49.50 80.25 20.97 88.67 0.00 93.68 43.98 33.18 87.95 75.45 43.19 63.85 52.84 59.50 84.23 72.48 28.94 54.02
78.27 50.08 86.76 52.21 15.30 48.31 89.20 112.26 30.69 93.05 25.30 93.68 0.00 76.77 120.30 59.35 40.89 107.63 48.37 55.32 44.67 12.43 44.49 88.09 91.46
39.47 65.91 28.44 38.06 74.19 33.27 34.36 35.61 51.55 27.20 60.83 43.98 76.77 0.00 51.98 47.35 42.75 31.57 30.85 65.72 65.17 64.58 38.67 17.94 17.27
87.34 88.93 33.70 69.36 112.86 84.19 76.32 31.68 100.76 27.55 109.92 33.18 120.30 51.98 0.00 99.09 93.34 28.33 81.05 85.60 91.37 109.40 89.53 34.77 51.09
21.51 81.70 73.61 59.94 66.76 23.06 35.90 76.84 29.71 74.27 34.22 87.95 59.35 47.35 99.09 0.00 22.08 75.20 27.10 84.59 77.92 48.70 21.30 65.24 51.66
37.78 60.14 63.14 41.01 45.74 9.51 48.34 77.51 10.44 66.30 18.92 75.45 40.89 42.75 93.34 22.08 0.00 74.13 12.30 63.36 56.13 28.96 4.22 58.61 53.98
60.75 88.01 32.19 62.57 103.51 64.62 48.60 6.48 83.12 23.54 92.39 43.19 107.63 31.57 28.33 75.20 74.13 0.00 62.40 86.21 88.82 95.64 69.99 21.67 24.19
35.65 56.13 51.06 32.86 49.69 4.16 42.73 66.09 20.75 54.02 30.00 63.85 48.37 30.85 81.05 27.10 12.30 62.40 0.00 58.47 52.96 35.94 8.72 46.33 43.51
92.97 5.35 55.13 28.33 41.01 62.05 95.80 92.49 60.63 63.90 64.74 52.84 55.32 65.72 85.60 84.59 63.36 86.21 58.47 0.00 10.68 51.78 63.32 64.81 82.78
88.35 5.42 59.25 27.18 30.34 56.16 92.75 94.87 52.17 67.72 55.41 59.50 44.67 65.17 91.37 77.92 56.13 88.82 52.96 10.68 0.00 41.68 56.67 67.16 82.43
66.66 46.95 76.13 42.91 18.83 35.98 77.09 100.14 19.18 81.96 16.33 84.23 12.43 64.58 109.40 48.70 28.96 95.64 35.94 51.78 41.68 0.00 32.36 76.52 79.07
34.89 60.40 59.78 39.62 48.44 5.41 44.73 73.32 14.43 62.64 23.12 72.48 44.49 38.67 89.53 21.30 4.22 69.99 8.72 63.32 56.67 32.36 0.00 54.77 49.76
56.55 66.43 13.88 41.01 82.77 49.42 48.93 27.76 66.32 9.46 75.56 28.94 88.09 17.94 34.77 65.24 58.61 21.67 46.33 64.81 67.16 76.52 54.77 0.00 25.08
36.60 83.12 38.82 55.31 90.30 44.70 25.43 25.19 63.87 33.68 72.85 54.02 91.46 17.27 51.09 51.66 53.98 24.19 43.51 82.78 82.43 79.07 49.76 25.08 0.00
