10
12.49 50.00
17.58 50.00
60.97 50.00
27.19 50.00
71.28 50.00
36.60 50.00
27.98 50.00
88.15 50.00
16.67 50.00
10.08 50.00
0.00 5.09 48.48 14.70 58.79 24.11 15.49 75.66 4.18 2.41
5.09 0.00 43.39 9.61 53.70 19.02 10.40 70.57 0.91 7.50
48.48 43.39 0.00 33.78 10.31 24.37 32.99 27.18 44.30 50.89
14.70 9.61 33.78 0.00 44.09 9.41 0.79 60.96 10.52 17.11
58.79 53.70 10.31 44.09 0.00 34.68 43.30 16.87 54.61 61.20
24.11 19.02 24.37 9.41 34.68 0.00 8.62 51.55 19.93 26.52
15.49 10.40 32.99 0.79 43.30 8.62 0.00 60.17 11.31 17.90
75.66 70.57 27.18 60.96 16.87 51.55 60.17 0.00 71.48 78.07
4.18 0.91 44.30 10.52 54.61 19.93 11.31 71.48 0.00 6.59
2.41 7.50 50.89 17.11 61.20 26.52 17.90 78.07 6.59 0.00
