20
75.90 16.67
68.93 31.00
2.47 14.69
20.43 83.06
7.19 53.26
51.81 66.68
37.16 26.10
99.83 41.59
51.13 90.45
38.68 91.70
2.60 44.29
71.03 60.44
71.17 5.86
52.81 69.18
88.61 67.35
89.09 81.39
77.43 45.76
92.12 34.92
13.47 62.42
56.16 8.52
0.00 80.23 93.42 11.88 58.44 53.26 27.83 37.15 61.94 75.48 56.19 19.47 47.52 62.15 21.54 72.89 24.95 24.55 52.03 19.36
80.23 0.00 14.34 22.24 49.82 43.45 30.31 93.74 82.99 35.30 81.89 31.89 40.40 16.64 33.57 71.19 65.39 28.22 64.14 67.94
93.42 14.34 0.00 74.88 23.55 84.28 74.55 17.14 27.36 98.70 25.64 75.27 27.47 15.35 77.80 59.51 64.03 94.62 26.51 30.85
11.88 22.24 74.88 0.00 62.60 26.29 74.71 93.82 59.15 94.85 70.76 61.74 24.68 88.57 17.35 66.17 58.21 52.95 12.36 93.25
58.44 49.82 23.55 62.60 0.00 13.35 38.77 25.82 58.77 57.71 19.64 69.00 12.46 99.31 59.34 35.10 91.72 18.02 92.07 89.88
53.26 43.45 84.28 26.29 13.35 0.00 40.93 11.95 45.05 66.72 18.16 54.31 84.33 66.98 33.89 15.41 72.93 32.14 82.04 20.01
27.83 30.31 74.55 74.71 38.77 40.93 0.00 66.56 64.25 32.36 72.71 91.47 13.00 80.75 10.06 74.34 87.83 60.76 30.84 97.29
37.15 93.74 17.14 93.82 25.82 11.95 66.56 0.00 84.65 26.36 22.61 84.32 67.93 76.51 75.81 12.75 47.80 65.73 96.45 75.57
61.94 82.99 27.36 59.15 58.77 45.05 64.25 84.65 0.00 72.07 89.08 96.09 52.37 31.67 81.06 59.06 90.91 42.74 26.03 45.41
75.48 35.30 98.70 94.85 57.71 66.72 32.36 26.36 72.07 0.00 84.96 27.05 20.84 63.13 76.95 26.11 93.67 23.49 17.56 60.07
56.19 81.89 25.64 70.76 19.64 18.16 72.71 22.61 89.08 84.96 0.00 87.69 16.45 87.68 16.14 59.67 56.04 62.14 39.31 56.33
19.47 31.89 75.27 61.74 69.00 54.31 91.47 84.32 96.09 27.05 87.69 0.00 19.98 29.52 45.72 62.62 39.15 87.68 32.31 64.44
47.52 40.40 27.47 24.68 12.46 84.33 13.00 67.93 52.37 20.84 16.45 19.98 0.00 91.77 20.53 76.99 54.99 93.12 27.86 94.52
62.15 16.64 15.35 88.57 99.31 66.98 80.75 76.51 31.67 63.13 87.68 29.52 91.77 0.00 91.01 90.31 31.24 78.65 82.62 25.35
21.54 33.57 77.80 17.35 59.34 33.89 10.06 75.81 81.06 76.95 16.14 45.72 20.53 91.01 0.00 58.89 15.09 42.31 92.91 35.48
72.89 71.19 59.51 66.17 35.10 15.41 74.34 12.75 59.06 26.11 59.67 62.62 76.99 90.31 58.89 0.00 65.75 15.16 67.65 99.76
24.95 65.39 64.03 58.21 91.72 72.93 87.83 47.80 90.91 93.67 56.04 39.15 54.99 31.24 15.09 65.75 0.00 44.10 50.45 60.50
24.55 28.22 94.62 52.95 18.02 32.14 60.76 65.73 42.74 23.49 62.14 87.68 93.12 78.65 42.31 15.16 44.10 0.00 60.45 52.29
52.03 64.14 26.51 12.36 92.07 82.04 30.84 96.45 26.03 17.56 39.31 32.31 27.86 82.62 92.91 67.65 50.45 60.45 0.00 52.49
19.36 67.94 30.85 93.25 89.88 20.01 97.29 75.57 45.41 60.07 56.33 64.44 94.52 25.35 35.48 99.76 60.50 52.29 52.49 0.00
