20
75.90 16.67
68.93 31.00
2.47 14.69
20.43 83.06
7.19 53.26
51.81 66.68
37.16 26.10
99.83 41.59
51.13 90.45
38.68 91.70
2.60 44.29
71.03 60.44
71.17 5.86
52.81 69.18
88.61 67.35
89.09 81.39
77.43 45.76
92.12 34.92
13.47 62.42
56.16 8.52
0.00 80.23 93.42 11.88 58.44 53.26 27.83 37.15 61.94 75.48 56.19 19.47 47.52 62.15 21.54 72.89 24.95 24.55 52.03 19.36
14.34 0.00 22.24 49.82 43.45 30.31 93.74 82.99 35.30 81.89 31.89 40.40 16.64 33.57 71.19 65.39 28.22 64.14 67.94 74.88
23.55 84.28 0.00 74.55 17.14 27.36 98.70 25.64 75.27 27.47 15.35 77.80 59.51 64.03 94.62 26.51 30.85 62.60 26.29 74.71
93.82 59.15 94.85 0.00 70.76 61.74 24.68 88.57 17.35 66.17 58.21 52.95 12.36 93.25 13.35 38.77 25.82 58.77 57.71 19.64
69.00 12.46 99.31 59.34 0.00 35.10 91.72 18.02 92.07 89.88 40.93 11.95 45.05 66.72 18.16 54.31 84.33 66.98 33.89 15.41
72.93 32.14 82.04 20.01 66.56 0.00 64.25 32.36 72.71 91.47 13.00 80.75 10.06 74.34 87.83 60.76 30.84 97.29 84.65 26.36
22.61 84.32 67.93 76.51 75.81 12.75 0.00 47.80 65.73 96.45 75.57 72.07 89.08 96.09 52.37 31.67 81.06 59.06 90.91 42.74
26.03 45.41 84.96 27.05 20.84 63.13 76.95 0.00 26.11 93.67 23.49 17.56 60.07 87.69 16.45 87.68 16.14 59.67 56.04 62.14
39.31 56.33 19.98 29.52 45.72 62.62 39.15 87.68 0.00 32.31 64.44 91.77 20.53 76.99 54.99 93.12 27.86 94.52 91.01 90.31
31.24 78.65 82.62 25.35 58.89 15.09 42.31 92.91 35.48 0.00 65.75 15.16 67.65 99.76 44.10 50.45 60.50 60.45 52.29 52.49
21.41 16.05 12.85 65.39 92.96 66.81 78.50 34.95 10.30 97.51 0.00 25.37 74.68 16.03 38.10 91.16 13.95 26.75 75.01 57.64
59.99 19.10 43.81 89.34 40.17 76.73 71.15 54.90 88.55 71.85 15.77 0.00 53.35 41.90 21.91 11.83 45.42 92.28 75.50 85.56
66.18 56.61 19.57 86.25 62.84 85.02 28.83 44.66 75.43 79.30 22.88 59.32 0.00 73.57 51.33 54.27 66.15 48.37 73.33 79.70
78.60 70.90 11.77 77.57 85.58 86.40 67.36 43.97 95.97 55.15 59.05 65.00 59.40 0.00 36.60 26.34 75.97 70.61 89.22 99.59
76.08 11.87 50.90 88.47 23.64 59.14 26.81 83.42 38.40 80.13 40.63 92.30 29.66 86.57 0.00 57.29 17.84 37.98 24.65 32.53
20.25 16.05 27.32 43.33 66.87 39.07 59.78 76.46 29.10 54.24 58.29 14.43 75.37 95.29 41.65 0.00 87.95 13.81 36.07 23.85
75.35 99.56 92.48 45.61 27.44 38.91 35.18 97.32 97.64 13.63 49.79 50.06 15.43 48.45 58.57 82.16 0.00 52.08 75.58 56.74
83.09 69.48 64.34 22.83 47.39 63.33 43.68 37.25 64.00 62.69 27.05 23.22 52.31 24.10 43.09 96.79 38.25 0.00 46.24 25.52
40.57 57.05 17.80 79.63 54.72 23.94 90.55 23.64 61.39 55.00 69.87 27.51 47.14 77.00 49.85 83.57 37.93 24.18 0.00 67.72
85.77 38.45 66.95 89.37 95.08 85.58 97.77 21.52 93.36 74.40 37.72 86.26 82.36 73.88 11.53 68.91 70.74 17.32 17.95 0.00
