12
8.06 50.00
53.50 50.00
45.95 50.00
12.65 50.00
25.99 50.00
92.19 50.00
4.79 50.00
63.19 50.00
48.79 50.00
36.42 50.00
8.15 50.00
7.52 50.00
0.00 45.44 37.89 4.59 17.93 84.13 3.27 55.13 40.73 28.36 0.09 0.54
45.44 0.00 7.55 40.85 27.51 38.69 48.71 9.69 4.71 17.08 45.35 45.98
37.89 7.55 0.00 33.30 19.96 46.24 41.16 17.24 2.84 9.53 37.80 38.43
4.59 40.85 33.30 0.00 13.34 79.54 7.86 50.54 36.14 23.77 4.50 5.13
17.93 27.51 19.96 13.34 0.00 66.20 21.20 37.20 22.80 10.43 17.84 18.47
84.13 38.69 46.24 79.54 66.20 0.00 87.40 29.00 43.40 55.77 84.04 84.67
3.27 48.71 41.16 7.86 21.20 87.40 0.00 58.40 44.00 31.63 3.36 2.73
55.13 9.69 17.24 50.54 37.20 29.00 58.40 0.00 14.40 26.77 55.04 55.67
40.73 4.71 2.84 36.14 22.80 43.40 44.00 14.40 0.00 12.37 40.64 41.27
28.36 17.08 9.53 23.77 10.43 55.77 31.63 26.77 12.37 0.00 28.27 28.90
0.09 45.35 37.80 4.50 17.84 84.04 3.36 55.04 40.64 28.27 0.00 0.63
0.54 45.98 38.43 5.13 18.47 84.67 2.73 55.67 41.27 28.90 0.63 0.00
